3525011711086058
3525015201880002
3525010510930001
3525011711086059
3525016005650004
3525011711086061
3525015306780002
3525011711086062
3525016501830002
3525011506830001
3525011711086063
3525017006650078
3525011711086064
3525017006620060
3525011711086075
3525017006950028
3525011711086076
3525013006580042
3525011711086077
3525013006580043
3525011711086078
3525015212920003
3525011711086079
3525010609510002
3525011711086115
3525017006750042
3525011711086116
3525017006540043
3525011711086121
3525010505720003
3525011711086122
3525013006640036
3525011711086123
3525016401830001
3525011711086134
3525015306880002
3525011711086135
3525013006740032
3525010602090004
3314076404720003
3525011006090006
3525016611770002
3525011411110005
3525016801790002
3525011711086422
3525014407710003
3525011711086423
3525016406730003
3525011711086432
3525016812770001
3525011711086433
3525016405740001
3525011711086465
3525015002690001
3525011711086479
3525016503880001
3525011711086483
3525016004740003
3525011711086489
3525011006780005
3525011711086490
3525013006500003
3525011711086532
3525015305700001
3525011711086535
3525014603660003
3525011711086598
3525013006920008
3525011711086605
3525016011620001
3525011711086631
3525013006770017
3525011711086643
3525014305710001
3525011711086645
3525011512820002
3525011711086649
3525016211930001
3525011711086665
3525017006520020
3525011711086666
3525012005590001
3525011711086667
3525014908920001
